points

red = 1757.8550913865713 1055.2797625521837

blue = 1757.8550913865713 1564.4340393612088 

green = 2270.9861178703914 1055.2797625521837

yellow = 2270.9861178703914 1564.4340393612088



String name="1";<br />if( name != 1)<br />    name = 0;<br />else<br />    name = -1;<br />System.out.print(name);